0         0
1.0000    1.0000
2.0000    2.0000
3.0000    3.0000
4.0000    4.0000
5.0000    5.0000
6.0000    6.0000
7.0000    7.0000
8.0000    8.0000
9.0000    9.0000
10.0000   10.0000
11.0000   11.0000
12.0000   12.0000
13.0000   13.0000
14.0000   14.0000
15.0000   15.0000
16.0000   16.0000
17.0000   17.0000
18.0000   18.0000
19.0000   19.0000
20.0000   20.0000
21.0000   21.0000
22.0000   22.0000
23.0000   23.0000
24.0000   24.0000
25.0000   25.0000
26.0000   26.0000
27.0000   27.0000
28.0000   28.0000
29.0000   29.0000
30.0000   30.0000
31.0000   31.0000
32.0000   32.0000
33.0000   33.0000
34.0000   34.0000
35.0000   35.0000
36.0000   36.0000
37.0000   37.0000
38.0507   38.0000
39.0507   39.0000
40.0507   40.0000
41.0507   41.0000
42.0507   42.0000
43.0507   43.0000
44.0507   44.0000
45.0507   45.0000
46.5438   46.0000
48.5909   47.0000
50.7573   48.0000
52.7047   49.0000
55.0511   50.0000
57.4409   51.0000
60.5810   52.0000
63.3438   53.0000
65.8279   54.0000
69.0146   55.0000
72.2513   56.0000
75.3306   57.0000
78.0229   58.0000
81.5610   59.0000
84.5374   60.0000
87.9627   61.0000
91.1984   62.0000
94.4838   63.0000
97.4656   64.0000
100.9159   65.0000
104.4496   66.0000
108.3541   67.0000
111.1299   68.0000
115.3500   69.0000
119.6232   70.0000
122.8934   71.0000
127.1102   72.0000
130.4845   73.0000
134.1581   74.0000
138.5875   75.0000
142.4053   76.0000
146.2957   77.0000
151.8256   78.0000